
============================================================================
  Per-step Proving Time (ms)
============================================================================
      Circuit  n  Step  Ours(B=64)  Ours(B=256)  Ours(B=1024)  Groth16  Nova
-------------  -  ----  ----------  -----------  ------------  -------  ----
Sensor fusion  4     1        14.8         40.6           120      3.5  13.9
                     4        14.8         40.9           120      6.6  31.7
                    16        14.8         40.8           120     15.9  46.2
                    64        14.7         40.7           120     36.5  32.2
                   256         ---         40.6           121      102  32.6
                  1024         ---          ---           121      338  32.2
                                                                            
Sensor fusion  6     1        17.8         48.3           147      4.0  14.1
                     4        17.9         48.5           148      7.3  32.0
                    16        17.9         49.4           150     18.0  32.5
                    64        17.6         49.1           150     43.8  39.9
                   256         ---         48.8           150      127  37.0
                  1024         ---          ---           150      428  36.2
                                                                            
Sensor fusion  8     1        24.7         60.9           214      4.9  14.2
                     4        25.1         61.5           203      8.9  32.7
                    16        25.5         61.6           203     21.3  31.3
                    64        23.6         61.7           203     62.3  31.5
                   256         ---         60.2           204      169  33.2
                  1024         ---          ---           203      541  32.4
                                                                            
