
======================================================================
  Per-step Verification Time (ms)
======================================================================
      Circuit  n  Step  Ours  Groth16  Nova
-------------  -  ----  ----  -------  ----
Sensor fusion  4     1   2.7      2.7  20.6
                     4   2.7      2.7  20.6
                    16   2.7      2.7  20.6
                    64   2.6      2.8  20.6
                   256   2.7      2.6  20.6
                  1024   2.7      2.7  20.6
                                           
Sensor fusion  6     1   2.8      2.8  26.2
                     4   2.7      2.7  26.2
                    16   2.7      2.7  26.2
                    64   2.7      2.7  26.2
                   256   2.8      2.7  26.2
                  1024   2.7      2.8  26.2
                                           
Sensor fusion  8     1   2.7      2.7  20.7
                     4   2.8      2.7  20.7
                    16   2.8      2.7  20.7
                    64   2.8      2.8  20.7
                   256   2.7      2.8  20.7
                  1024   2.8      2.7  20.7
                                           
