
======================================================================
  Per-step Verification Time (ms)
======================================================================
          Circuit      n  Step  Ours  Groth16  Nova
-----------------  -----  ----  ----  -------  ----
  MiMC hash chain    270     1   4.3      4.2  40.6
                             4   3.9      3.9  40.6
                            16   4.1      4.2  40.6
                            64   4.0      4.0  40.6
                                                   
 Hadamard product     16     1   4.1      4.0  41.0
                             4   4.0      4.0  41.0
                            16   4.0      4.1  41.0
                            64   4.0      4.0  41.0
                                                   
 Hadamard product     32     1   4.0      4.3  40.1
                             4   4.0      4.2  40.1
                            16   4.0      4.0  40.1
                            64   4.0      4.0  40.1
                                                   
Repeated squaring   1024     1   4.0      4.0  36.1
                             4   4.0      4.0  36.1
                            16   4.0      4.2  36.1
                            64   4.0      4.0  36.1
                                                   
Repeated squaring  16384     1   4.0      4.0  36.8
                             4   4.0      4.0  36.8
                            16   4.0      4.0  36.8
                            64   4.0      4.0  36.8
                                                   
