
======================================================================
  Per-step Proving Time (ms)
======================================================================
      Circuit   n  Step  Ours(B=16)  Ours(B=64)  Groth16  Nova
-------------  --  ----  ----------  ----------  -------  ----
Sensor fusion   4     1         8.1        15.0      3.5  14.1
                      4         8.3        15.1      6.7  31.8
                     16         8.0        15.2     17.7  31.9
                     64         ---        15.0     36.7  36.8
                                                              
Sensor fusion   8     1        13.2        24.4      4.9  14.8
                      4        13.7        25.1      8.7  32.7
                     16        12.3        25.3     21.2  32.5
                     64         ---        23.6     62.3  32.9
                                                              
Sensor fusion  16     1        20.9        42.7      6.7  21.0
                      4        20.7        42.5     14.2  31.8
                     16        18.3        42.4     31.9  37.1
                     64         ---        40.0     91.3  36.4
                                                              
Sensor fusion  32     1        30.3        62.4      9.0  14.6
                      4        31.2        63.0     21.4  32.5
                     16        31.3        63.4     55.2  34.2
                     64         ---        62.7      158  32.1
                                                              
Sensor fusion  64     1        54.3         114     15.5  14.2
                      4        57.2         115     33.7  31.8
                     16        52.3         116      112  33.5
                     64         ---         111      278  32.7
                                                              
