
======================================================================
  Per-step Verification Time (ms)
======================================================================
      Circuit   n  Step  Ours(B=16)  Ours(B=64)  Groth16  Nova
-------------  --  ----  ----------  ----------  -------  ----
Sensor fusion   4     1         2.7         2.8      2.7  23.6
                      4         2.7         2.7      2.7  23.6
                     16         2.8         2.7      3.1  23.6
                     64         ---         2.7      2.7  23.6
                                                              
Sensor fusion   8     1         2.7         2.7      2.7  27.3
                      4         2.7         2.8      2.7  27.3
                     16         2.7         2.7      2.7  27.3
                     64         ---         2.7      2.7  27.3
                                                              
Sensor fusion  16     1         2.8         2.8      2.7  21.5
                      4         2.7         2.7      2.6  21.5
                     16         2.7         2.7      2.7  21.5
                     64         ---         2.8      2.8  21.5
                                                              
Sensor fusion  32     1         2.7         2.8      2.7  21.9
                      4         2.8         2.8      2.8  21.9
                     16         2.8         2.7      2.8  21.9
                     64         ---         2.8      2.7  21.9
                                                              
Sensor fusion  64     1         2.8         2.7      3.0  21.8
                      4         2.8         2.7      3.1  21.8
                     16         3.1         2.7      3.7  21.8
                     64         ---         2.8      2.8  21.8
                                                              
