
============================================================================
  Per-step Proving Time (ms)
============================================================================
      Circuit  n  Step  Ours(B=64)  Ours(B=256)  Ours(B=1024)  Groth16  Nova
-------------  -  ----  ----------  -----------  ------------  -------  ----
Sensor fusion  4     1        14.7         40.2           120      3.5  14.1
                     4        15.2         40.8           122      6.7  31.8
                    16        14.8         40.8           122     15.8  40.0
                    64        14.7         41.0           122     36.2  31.2
                   256         ---         40.6           121      102  53.2
                  1024         ---          ---           121      339  31.9
                                                                            
Sensor fusion  6     1        17.5         48.5           147      4.0  13.9
                     4        17.6         48.9           149      7.3  31.0
                    16        17.7         48.8           152     17.9  34.9
                    64        17.5         48.9           150     43.6  36.6
                   256         ---         48.7           151      127  32.3
                  1024         ---          ---           150      428  31.8
                                                                            
Sensor fusion  8     1        24.9         61.0           199      5.0  14.8
                     4        25.0         61.4           200      8.8  32.1
                    16        25.4         61.6           200     21.4  32.1
                    64        23.6         61.4           201     62.4  37.1
                   256         ---         60.8           202      169  32.2
                  1024         ---          ---           200      539  32.8
                                                                            
