
======================================================================
  Per-step Verification Time (ms)
======================================================================
      Circuit  n  Step  Ours  Groth16  Nova
-------------  -  ----  ----  -------  ----
Sensor fusion  4     1   2.7      2.7  22.4
                     4   2.7      2.7  22.4
                    16   2.7      2.7  22.4
                    64   2.7      2.7  22.4
                   256   2.6      2.7  22.4
                  1024   2.7      2.7  22.4
                                           
Sensor fusion  6     1   2.7      2.7  21.8
                     4   2.7      2.8  21.8
                    16   2.8      2.7  21.8
                    64   2.7      2.7  21.8
                   256   2.7      2.9  21.8
                  1024   2.7      2.7  21.8
                                           
Sensor fusion  8     1   2.8      2.8  20.9
                     4   2.7      2.7  20.9
                    16   2.7      2.7  20.9
                    64   2.8      2.8  20.9
                   256   2.7      2.7  20.9
                  1024   2.8      2.8  20.9
                                           
