
============================================================================
  Per-step Proving Time (ms)
============================================================================
      Circuit  n  Step  Ours(B=64)  Ours(B=256)  Ours(B=1024)  Groth16  Nova
-------------  -  ----  ----------  -----------  ------------  -------  ----
Sensor fusion  4     1        22.7         60.9           182      5.4  22.9
                     4        23.2         61.4           186     10.5  52.0
                    16        23.2         61.4           180     24.2  63.2
                    64        23.3         61.5           181     56.8  64.3
                   256         ---         61.3           181      156  53.7
                  1024         ---          ---           181      504  54.3
                                                                            
Sensor fusion  6     1        25.9         71.8           220      5.8  23.1
                     4        26.3         72.6           221     11.3  52.6
                    16        26.4         72.9           222     26.6  57.8
                    64        26.5         72.8           222     64.6  56.5
                   256         ---         72.7           223      188  54.2
                  1024         ---          ---           229      635  53.8
                                                                            
Sensor fusion  8     1        36.3         90.4           297      7.3  23.4
                     4        37.0         91.2           298     13.6  52.4
                    16        37.2         91.5           299     31.4  60.2
                    64        34.9         91.4           299     92.3  57.0
                   256         ---         89.6           300      249  53.8
                  1024         ---          ---           298      794  53.9
                                                                            
