
======================================================================
  Per-step Verification Time (ms)
======================================================================
      Circuit  n  Step  Ours  Groth16  Nova
-------------  -  ----  ----  -------  ----
Sensor fusion  4     1   4.0      4.2  37.0
                     4   4.0      4.3  37.0
                    16   4.2      4.0  37.0
                    64   4.2      4.3  37.0
                   256   4.0      4.0  37.0
                  1024   4.0      4.0  37.0
                                           
Sensor fusion  6     1   4.0      4.0  36.1
                     4   4.0      4.0  36.1
                    16   4.0      4.0  36.1
                    64   4.0      4.0  36.1
                   256   4.0      4.0  36.1
                  1024   4.0      4.0  36.1
                                           
Sensor fusion  8     1   4.0      4.0  37.9
                     4   4.0      4.1  37.9
                    16   4.0      4.0  37.9
                    64   4.0      4.0  37.9
                   256   4.0      4.0  37.9
                  1024   4.0      4.0  37.9
                                           
